transaction_id,complete_date
1,5/18/2022
2,5/18/2022
3,5/18/2022
4,5/18/2022
5,5/18/2022
6,5/18/2022
7,5/18/2022
8,5/18/2022
9,5/18/2022
10,5/18/2022
11,5/18/2022
12,5/18/2022
13,5/18/2022
14,5/18/2022
15,5/18/2022
16,5/18/2022
17,5/18/2022
18,5/18/2022
19,5/18/2022
20,5/18/2022
21,5/18/2022
22,5/18/2022
23,5/18/2022
24,5/18/2022
25,5/18/2022
26,5/18/2022
27,5/18/2022
28,5/18/2022
29,5/18/2022
30,5/18/2022
31,5/18/2022
32,5/18/2022
33,5/18/2022
34,5/18/2022
35,5/18/2022
36,5/18/2022
37,5/18/2022
38,5/18/2022
39,5/18/2022
40,5/18/2022
41,5/18/2022
42,5/18/2022
43,5/18/2022
44,5/18/2022
45,5/18/2022
46,5/18/2022
47,5/18/2022
48,5/18/2022
49,5/18/2022
50,5/18/2022
51,5/18/2022
52,5/18/2022
53,5/18/2022
54,5/18/2022
55,5/18/2022
56,5/18/2022
57,5/18/2022
58,5/18/2022
59,5/18/2022
60,5/18/2022
61,5/18/2022
62,5/18/2022
63,5/18/2022
64,5/18/2022
65,5/18/2022
66,5/18/2022
67,5/18/2022
68,5/18/2022
69,5/18/2022
70,5/18/2022
71,5/18/2022
72,5/18/2022
73,5/18/2022
74,5/18/2022
75,5/18/2022
76,5/18/2022
77,5/18/2022
78,5/18/2022
79,5/18/2022
80,5/18/2022
81,5/18/2022
82,5/18/2022
83,5/18/2022
84,5/18/2022
85,5/18/2022
86,5/18/2022
87,5/18/2022
88,5/18/2022
89,5/18/2022
90,5/18/2022
91,5/18/2022
92,5/18/2022
93,5/18/2022
94,5/18/2022
95,5/18/2022
96,5/18/2022
97,5/18/2022
98,5/18/2022
99,5/18/2022
100,5/18/2022
101,5/18/2022
102,5/18/2022
103,5/18/2022
104,5/18/2022
105,5/18/2022
106,5/18/2022
107,5/18/2022
108,5/18/2022
109,5/18/2022
110,5/18/2022
111,5/18/2022
112,5/18/2022
113,5/18/2022
114,5/18/2022
115,5/18/2022
116,5/18/2022
117,5/18/2022
118,5/18/2022
119,5/18/2022
120,5/18/2022
121,5/18/2022
122,5/18/2022
123,5/18/2022
124,5/18/2022
125,5/18/2022
126,5/18/2022
127,5/18/2022
128,5/18/2022
129,5/18/2022
130,5/18/2022
131,5/18/2022
132,5/18/2022
133,5/18/2022
134,5/18/2022
135,5/18/2022
136,5/18/2022
137,5/18/2022
138,5/18/2022
139,5/18/2022
140,5/18/2022
141,5/18/2022
142,5/18/2022
143,5/18/2022
144,5/18/2022
145,5/18/2022
146,5/18/2022
147,5/18/2022
148,5/18/2022
149,5/18/2022
150,5/18/2022
151,5/18/2022
152,5/18/2022
153,5/18/2022
154,5/18/2022
155,5/18/2022
156,5/18/2022
157,5/18/2022
158,5/18/2022
159,5/18/2022
160,5/18/2022
161,5/18/2022
162,5/18/2022
163,5/18/2022
164,5/18/2022
165,5/18/2022
166,5/18/2022
167,5/18/2022
168,5/18/2022
169,5/18/2022
170,5/18/2022
171,5/18/2022
172,5/18/2022
173,5/18/2022
174,5/18/2022
175,5/18/2022
176,5/18/2022
177,5/18/2022
178,5/18/2022
179,5/18/2022
180,5/18/2022
181,5/18/2022
182,5/18/2022
183,5/18/2022
184,5/18/2022
185,5/18/2022
186,5/18/2022
187,5/18/2022
188,5/18/2022
189,5/18/2022
190,5/18/2022
191,5/18/2022
192,5/18/2022
193,5/18/2022
194,5/18/2022
195,5/18/2022
196,5/18/2022
197,5/18/2022
198,5/18/2022
199,5/18/2022
200,5/18/2022
201,5/18/2022
202,5/18/2022
203,5/18/2022
204,5/18/2022
205,5/18/2022
206,5/18/2022
207,5/18/2022
208,5/18/2022
209,5/18/2022
210,5/18/2022
211,5/18/2022
212,5/18/2022
213,5/18/2022
214,5/18/2022
215,5/18/2022
216,5/18/2022
217,5/18/2022
218,5/18/2022
219,5/18/2022
220,5/18/2022
221,5/18/2022
222,5/18/2022
223,5/18/2022
224,5/18/2022
225,5/18/2022
226,5/18/2022
227,5/18/2022
228,5/18/2022
229,5/18/2022
230,5/18/2022
231,5/18/2022
232,5/18/2022
233,5/18/2022
234,5/18/2022
235,5/18/2022
236,5/18/2022
237,5/18/2022
238,5/18/2022
239,5/18/2022
240,5/18/2022
241,5/18/2022
242,5/18/2022
243,5/18/2022
244,5/18/2022
245,5/18/2022
246,5/18/2022
247,5/18/2022
248,5/18/2022
249,5/18/2022
250,5/18/2022
251,5/18/2022
252,5/18/2022
253,5/18/2022
254,5/18/2022
255,5/18/2022
256,5/18/2022
257,5/18/2022
258,5/18/2022
259,5/18/2022
260,5/18/2022
261,5/18/2022
262,5/18/2022
263,5/18/2022
264,5/18/2022
265,5/18/2022
266,5/18/2022
267,5/18/2022
268,5/18/2022
269,5/18/2022
270,5/18/2022
271,5/18/2022
272,5/18/2022
273,5/18/2022
274,5/18/2022
275,5/18/2022
276,5/18/2022
277,5/18/2022
278,5/18/2022
279,5/18/2022
280,5/18/2022
281,5/18/2022
282,5/18/2022
283,5/18/2022
284,5/18/2022
285,5/18/2022
286,5/18/2022
287,5/18/2022
288,5/18/2022
289,5/18/2022
290,5/18/2022
291,5/18/2022
292,5/18/2022
293,5/18/2022
294,5/18/2022
295,5/18/2022
296,5/18/2022
297,5/18/2022
298,5/18/2022
299,5/18/2022
300,5/18/2022
301,5/18/2022
302,5/18/2022
303,5/18/2022
304,5/18/2022
305,5/18/2022
306,5/18/2022
307,5/18/2022
308,5/18/2022
309,5/18/2022
310,5/18/2022
311,5/18/2022
312,5/18/2022
313,5/18/2022
314,5/18/2022
315,5/18/2022
316,5/18/2022
317,5/18/2022
318,5/18/2022
319,5/18/2022
320,5/18/2022
321,5/18/2022
322,5/18/2022
323,5/18/2022
324,5/18/2022
325,5/18/2022
326,5/18/2022
327,5/18/2022
328,5/18/2022
329,5/18/2022
330,5/18/2022
331,5/18/2022
332,5/18/2022
333,5/18/2022
334,5/18/2022
335,5/18/2022
336,5/18/2022
337,5/18/2022
338,5/18/2022
339,5/18/2022
340,5/18/2022
341,5/18/2022
342,5/18/2022
343,5/18/2022
344,5/18/2022
345,5/18/2022
346,5/18/2022
347,5/18/2022
348,5/18/2022
349,5/18/2022
350,5/18/2022
351,5/18/2022
352,5/18/2022
353,5/18/2022
354,5/18/2022
355,5/18/2022
356,5/18/2022
357,5/18/2022
358,5/18/2022
359,5/18/2022
360,5/18/2022
361,5/18/2022
362,5/18/2022
363,5/18/2022
364,5/18/2022
365,5/18/2022
366,5/18/2022
367,5/18/2022
368,5/18/2022
369,5/18/2022
370,5/18/2022
371,5/18/2022
372,5/18/2022
373,5/18/2022
374,5/18/2022
375,5/18/2022
376,5/18/2022
377,5/18/2022
378,5/18/2022
379,5/18/2022
380,5/18/2022
381,5/18/2022
382,5/18/2022
383,5/18/2022
384,5/18/2022
385,5/18/2022
386,5/18/2022
387,5/18/2022
388,5/18/2022
389,5/18/2022
390,5/18/2022
391,5/18/2022
392,5/18/2022
393,5/18/2022
394,5/18/2022
395,5/18/2022
396,5/18/2022
397,5/18/2022
398,5/18/2022
399,5/18/2022
400,5/18/2022
401,5/18/2022
402,5/18/2022
403,5/18/2022
404,5/18/2022
405,5/18/2022
406,5/18/2022
407,5/18/2022
408,5/18/2022
409,5/18/2022
410,5/18/2022
411,5/18/2022
412,5/18/2022
413,5/18/2022
414,5/18/2022
415,5/18/2022
416,5/18/2022
417,5/18/2022
418,5/18/2022
419,5/18/2022
420,5/18/2022
421,5/18/2022
422,5/18/2022
423,5/18/2022
424,5/18/2022
425,5/18/2022
426,5/18/2022
427,5/18/2022
428,5/18/2022
429,5/18/2022
430,5/18/2022
431,5/18/2022
432,5/18/2022
433,5/18/2022
434,5/18/2022
435,5/18/2022
436,5/18/2022
437,5/18/2022
438,5/18/2022
439,5/18/2022
440,5/18/2022
441,5/18/2022
442,5/18/2022
443,5/18/2022
444,5/18/2022
445,5/18/2022
446,5/18/2022
447,5/18/2022
448,5/18/2022
449,5/18/2022
450,5/18/2022
451,5/18/2022
452,5/18/2022
453,5/18/2022
454,5/18/2022
455,5/18/2022
456,5/18/2022
457,5/18/2022
458,5/18/2022
459,5/18/2022
460,5/18/2022
461,5/18/2022
462,5/18/2022
463,5/18/2022
464,5/18/2022
465,5/18/2022
466,5/18/2022
467,5/18/2022
468,5/18/2022
469,5/18/2022
470,5/18/2022
471,5/18/2022
472,5/18/2022
473,5/18/2022
474,5/18/2022
475,5/18/2022
476,5/18/2022
477,5/18/2022
478,5/18/2022
479,5/18/2022
480,5/18/2022
481,5/18/2022
482,5/18/2022
483,5/18/2022
484,5/18/2022
485,5/18/2022
486,5/18/2022
487,5/18/2022
488,5/18/2022
489,5/18/2022
490,5/18/2022
491,5/18/2022
492,5/18/2022
493,5/18/2022
494,5/18/2022
495,5/18/2022
496,5/18/2022
497,5/18/2022
498,5/18/2022
499,5/18/2022
500,5/18/2022
501,5/18/2022
502,5/18/2022
503,5/18/2022
504,5/18/2022
505,5/18/2022
506,5/18/2022
507,5/18/2022
508,5/18/2022
509,5/18/2022
510,5/18/2022
511,5/18/2022
512,5/18/2022
513,5/18/2022
514,5/18/2022
515,5/18/2022
516,5/18/2022
517,5/18/2022
518,5/18/2022
519,5/18/2022
520,5/18/2022
521,5/18/2022
522,5/18/2022
523,5/18/2022
524,5/18/2022
525,5/18/2022
526,5/18/2022
527,5/18/2022
528,5/18/2022
529,5/18/2022
530,5/18/2022
531,5/18/2022
532,5/18/2022
533,5/18/2022
534,5/18/2022
535,5/18/2022
536,5/18/2022
537,5/18/2022
538,5/18/2022
539,5/18/2022
540,5/18/2022
541,5/18/2022
542,5/18/2022
543,5/18/2022
544,5/18/2022
545,5/18/2022
546,5/18/2022
547,5/18/2022
548,5/18/2022
549,5/18/2022
550,5/18/2022
551,5/18/2022
552,5/18/2022
553,5/18/2022
554,5/18/2022
555,5/18/2022
556,5/18/2022
557,5/18/2022
558,5/18/2022
559,5/18/2022
560,5/18/2022
561,5/18/2022
562,5/18/2022
563,5/18/2022
564,5/18/2022
565,5/18/2022
566,5/18/2022
567,5/18/2022
568,5/18/2022
569,5/18/2022
570,5/18/2022
571,5/18/2022
572,5/18/2022
573,5/18/2022
574,5/18/2022
575,5/18/2022
576,5/18/2022
577,5/18/2022
578,5/18/2022
579,5/18/2022
580,5/18/2022
581,5/18/2022
582,5/18/2022
583,5/18/2022
584,5/18/2022
585,5/18/2022
586,5/18/2022
587,5/18/2022
588,5/18/2022
589,5/18/2022
590,5/18/2022
591,5/18/2022
592,5/18/2022
593,5/18/2022
594,5/18/2022
595,5/18/2022
596,5/18/2022
597,5/18/2022
598,5/18/2022
599,5/18/2022
600,5/18/2022
601,5/18/2022
602,5/18/2022
603,5/18/2022
604,5/18/2022
605,5/18/2022
606,5/18/2022
607,5/18/2022
608,5/18/2022
609,5/18/2022
610,5/18/2022
611,5/18/2022
612,5/18/2022
613,5/18/2022
614,5/18/2022
615,5/18/2022
616,5/18/2022
617,5/18/2022
618,5/18/2022
619,5/18/2022
620,5/18/2022
621,5/18/2022
622,5/18/2022
623,5/18/2022
624,5/18/2022
625,5/18/2022
626,5/18/2022
627,5/18/2022
628,5/18/2022
629,5/18/2022
630,5/18/2022
631,5/18/2022
632,5/18/2022
633,5/18/2022
634,5/18/2022
635,5/18/2022
636,5/18/2022
637,5/18/2022
638,5/18/2022
639,5/18/2022
640,5/18/2022
641,5/18/2022
642,5/18/2022
643,5/18/2022
644,5/18/2022
645,5/18/2022
646,5/18/2022
647,5/18/2022
648,5/18/2022
649,5/18/2022
650,5/18/2022
651,5/18/2022
652,5/18/2022
653,5/18/2022
654,5/18/2022
655,5/18/2022
656,5/18/2022
657,5/18/2022
658,5/18/2022
659,5/18/2022
660,5/18/2022
661,5/18/2022
662,5/18/2022
663,5/18/2022
664,5/18/2022
665,5/18/2022
666,5/18/2022
667,5/18/2022
668,5/18/2022
669,5/18/2022
670,5/18/2022
671,5/18/2022
672,5/18/2022
673,5/18/2022
674,5/18/2022
675,5/18/2022
676,5/18/2022
677,5/18/2022
678,5/18/2022
679,5/18/2022
680,5/18/2022
681,5/18/2022
682,5/18/2022
683,5/18/2022
684,5/18/2022
685,5/18/2022
686,5/18/2022
687,5/18/2022
688,5/18/2022
689,5/18/2022
690,5/18/2022
691,5/18/2022
692,5/18/2022
693,5/18/2022
694,5/18/2022
695,5/18/2022
696,5/18/2022
697,5/18/2022
698,5/18/2022
699,5/18/2022
700,5/18/2022
701,5/18/2022
702,5/18/2022
703,5/18/2022
704,5/18/2022
705,5/18/2022
706,5/18/2022
707,5/18/2022
708,5/18/2022
709,5/18/2022
710,5/18/2022
711,5/18/2022
712,5/18/2022
713,5/18/2022
714,5/18/2022
715,5/18/2022
716,5/18/2022
717,5/18/2022
718,5/18/2022
719,5/18/2022
720,5/18/2022
721,5/18/2022
722,5/18/2022
723,5/18/2022
724,5/18/2022
725,5/18/2022
726,5/18/2022
727,5/18/2022
728,5/18/2022
729,5/18/2022
730,5/18/2022
731,5/18/2022
732,5/18/2022
733,5/18/2022
734,5/18/2022
735,5/18/2022
736,5/18/2022
737,5/18/2022
738,5/18/2022
739,5/18/2022
740,5/18/2022
741,5/18/2022
742,5/18/2022
743,5/18/2022
744,5/18/2022
745,5/18/2022
746,5/18/2022
747,5/18/2022
748,5/18/2022
749,5/18/2022
750,5/18/2022
751,5/18/2022
752,5/18/2022
753,5/18/2022
754,5/18/2022
755,5/18/2022
756,5/18/2022
757,5/18/2022
758,5/18/2022
759,5/18/2022
760,5/18/2022
761,5/18/2022
762,5/18/2022
763,5/18/2022
764,5/18/2022
765,5/18/2022
766,5/18/2022
767,5/18/2022
768,5/18/2022
769,5/18/2022
770,5/18/2022
771,5/18/2022
772,5/18/2022
773,5/18/2022
774,5/18/2022
775,5/18/2022
776,5/18/2022
777,5/18/2022
778,5/18/2022
779,5/18/2022
780,5/18/2022
781,5/18/2022
782,5/18/2022
783,5/18/2022
784,5/18/2022
785,5/18/2022
786,5/18/2022
787,5/18/2022
788,5/18/2022
789,5/18/2022
790,5/18/2022
791,5/18/2022
792,5/18/2022
793,5/18/2022
794,5/18/2022
795,5/18/2022
796,5/18/2022
797,5/18/2022
798,5/18/2022
799,5/18/2022
800,5/18/2022
801,5/18/2022
802,5/18/2022
803,5/18/2022
804,5/18/2022
805,5/18/2022
806,5/18/2022
807,5/18/2022
808,5/18/2022
809,5/18/2022
810,5/18/2022
811,5/18/2022
812,5/18/2022
813,5/18/2022
814,5/18/2022
815,5/18/2022
816,5/18/2022
817,5/18/2022
818,5/18/2022
819,5/18/2022
820,5/18/2022
821,5/18/2022
822,5/18/2022
823,5/18/2022
824,5/18/2022
825,5/18/2022
826,5/18/2022
827,5/18/2022
828,5/18/2022
829,5/18/2022
830,5/18/2022
831,5/18/2022
832,5/18/2022
833,5/18/2022
834,5/18/2022
835,5/18/2022
836,5/18/2022
837,5/18/2022
838,5/18/2022
839,5/18/2022
840,5/18/2022
841,5/18/2022
842,5/18/2022
843,5/18/2022
844,5/18/2022
845,5/18/2022
846,5/18/2022
847,5/18/2022
848,5/18/2022
849,5/18/2022
850,5/18/2022
851,5/18/2022
852,5/18/2022
853,5/18/2022
854,5/18/2022
855,5/18/2022
856,5/18/2022
857,5/18/2022
858,5/18/2022
859,5/18/2022
860,5/18/2022
861,5/18/2022
862,5/18/2022
863,5/18/2022
864,5/18/2022
865,5/18/2022
866,5/18/2022
867,5/18/2022
868,5/18/2022
869,5/18/2022
870,5/18/2022
871,5/18/2022
872,5/18/2022
873,5/18/2022
874,5/18/2022
875,5/18/2022
876,5/18/2022
877,5/18/2022
878,5/18/2022
879,5/18/2022
880,5/18/2022
881,5/18/2022
882,5/18/2022
883,5/18/2022
884,5/18/2022
885,5/18/2022
886,5/18/2022
887,5/18/2022
888,5/18/2022
889,5/18/2022
890,5/18/2022
891,5/18/2022
892,5/18/2022
893,5/18/2022
894,5/18/2022
895,5/18/2022
896,5/18/2022
897,5/18/2022
898,5/18/2022
899,5/18/2022
900,5/18/2022
901,5/18/2022
902,5/18/2022
903,5/18/2022
904,5/18/2022
905,5/18/2022
906,5/18/2022
907,5/18/2022
908,5/18/2022
909,5/18/2022
910,5/18/2022
911,5/18/2022
912,5/18/2022
913,5/18/2022
914,5/18/2022
915,5/18/2022
916,5/18/2022
917,5/18/2022
918,5/18/2022
919,5/18/2022
920,5/18/2022
921,5/18/2022
922,5/18/2022
923,5/18/2022
924,5/18/2022
925,5/18/2022
926,5/18/2022
927,5/18/2022
928,5/18/2022
929,5/18/2022
930,5/18/2022
931,5/18/2022
932,5/18/2022
933,5/18/2022
934,5/18/2022
935,5/18/2022
936,5/18/2022
937,5/18/2022
938,5/18/2022
939,5/18/2022
940,5/18/2022
941,5/18/2022
942,5/18/2022
943,5/18/2022
944,5/18/2022
945,5/18/2022
946,5/18/2022
947,5/18/2022
948,5/18/2022
949,5/18/2022
950,5/18/2022
951,5/18/2022
952,5/18/2022
953,5/18/2022
954,5/18/2022
955,5/18/2022
956,5/18/2022
957,5/18/2022
958,5/18/2022
959,5/18/2022
960,5/18/2022
961,5/18/2022
962,5/18/2022
963,5/18/2022
964,5/18/2022
965,5/18/2022
966,5/18/2022
967,5/18/2022
968,5/18/2022
969,5/18/2022
970,5/18/2022
971,5/18/2022
972,5/18/2022
973,5/18/2022
974,5/18/2022
975,5/18/2022
976,5/18/2022
977,5/18/2022
978,5/18/2022
979,5/18/2022
980,5/18/2022
981,5/18/2022
982,5/18/2022
983,5/18/2022
984,5/18/2022
985,5/18/2022
986,5/18/2022
987,5/18/2022
988,5/18/2022
989,5/18/2022
990,5/18/2022
991,5/18/2022
992,5/18/2022
993,5/18/2022
994,5/18/2022
995,5/18/2022
996,5/18/2022
997,5/18/2022
998,5/18/2022
999,5/18/2022
1000,5/18/2022
1001,5/18/2022
1002,5/18/2022
1003,5/18/2022
1004,5/18/2022
1005,5/18/2022
1006,5/18/2022
1007,5/18/2022
1008,5/18/2022
1009,5/18/2022
1010,5/18/2022
1011,5/18/2022
1012,5/18/2022
1013,5/18/2022
1014,5/18/2022
1015,5/18/2022
1016,5/18/2022
1017,5/18/2022
1018,5/18/2022
1019,5/18/2022
1020,5/18/2022
1021,5/18/2022
1022,5/18/2022
1023,5/18/2022
1024,5/18/2022
1025,5/18/2022
1026,5/18/2022
1027,5/18/2022
1028,5/18/2022
1029,5/18/2022
1030,5/18/2022
1031,5/18/2022
1032,5/18/2022
1033,5/18/2022
1034,5/18/2022
1035,5/18/2022
1036,5/18/2022
1037,5/18/2022
1038,5/18/2022
1039,5/18/2022
1040,5/18/2022
1041,5/18/2022
1042,5/18/2022
1043,5/18/2022
1044,5/18/2022
1045,5/18/2022
1046,5/18/2022
1047,5/18/2022
1048,5/18/2022
1049,5/18/2022
1050,5/18/2022
1051,5/18/2022
1052,5/18/2022
1053,5/18/2022
1054,5/18/2022
1055,5/18/2022
1056,5/18/2022
1057,5/18/2022
1058,5/18/2022
1059,5/18/2022
1060,5/18/2022
1061,5/18/2022
1062,5/18/2022
1063,5/18/2022
1064,5/18/2022
1065,5/18/2022
1066,5/18/2022
1067,5/18/2022
1068,5/18/2022
1069,5/18/2022
1070,5/18/2022
1071,5/18/2022
1072,5/18/2022
1073,5/18/2022
1074,5/18/2022
1075,5/18/2022
1076,5/18/2022
1077,5/18/2022
1078,5/18/2022
1079,5/18/2022
1080,5/18/2022
1081,5/18/2022
1082,5/18/2022
1083,5/18/2022
1084,5/18/2022
1085,5/18/2022
1086,5/18/2022
1087,5/18/2022
1088,5/18/2022
1089,5/18/2022
1090,5/18/2022
1091,5/18/2022
1092,5/18/2022
1093,5/18/2022
1094,5/18/2022
1095,5/18/2022
1096,5/18/2022
1097,5/18/2022
1098,5/18/2022
1099,5/18/2022
1100,5/18/2022
1101,5/18/2022
1102,5/18/2022
1103,5/18/2022
1104,5/18/2022
1105,5/18/2022
1106,5/18/2022
1107,5/18/2022
1108,5/18/2022
1109,5/18/2022
1110,5/18/2022
1111,5/18/2022
1112,5/18/2022
1113,5/18/2022
1114,5/18/2022
1115,5/18/2022
1116,5/18/2022
1117,5/18/2022
1118,5/18/2022
1119,5/18/2022
1120,5/18/2022
1121,5/18/2022
1122,5/18/2022
1123,5/18/2022
1124,5/18/2022
1125,5/18/2022
1126,5/18/2022
1127,5/18/2022
1128,5/18/2022
1129,5/18/2022
1130,5/18/2022
1131,5/18/2022
1132,5/18/2022
1133,5/18/2022
1134,5/18/2022
1135,5/18/2022
1136,5/18/2022
1137,5/18/2022
1138,5/18/2022
1139,5/18/2022
1140,5/18/2022
1141,5/18/2022
1142,5/18/2022
1143,5/18/2022
1144,5/18/2022
1145,5/18/2022
1146,5/18/2022
1147,5/18/2022
1148,5/18/2022
1149,5/18/2022
1150,5/18/2022
1151,5/18/2022
1152,5/18/2022
1153,5/18/2022
1154,5/18/2022
1155,5/18/2022
1156,5/18/2022
1157,5/18/2022
1158,5/18/2022
1159,5/18/2022
1160,5/18/2022
1161,5/18/2022
1162,5/18/2022
1163,5/18/2022
1164,5/18/2022
1165,5/18/2022
1166,5/18/2022
1167,5/18/2022
1168,5/18/2022
1169,5/18/2022
1170,5/18/2022
1171,5/18/2022
1172,5/18/2022
1173,5/18/2022
1174,5/18/2022
1175,5/18/2022
1176,5/18/2022
1177,5/18/2022
1178,5/18/2022
1179,5/18/2022
1180,5/18/2022
1181,5/18/2022
1182,5/18/2022
1183,5/18/2022
1184,5/18/2022
1185,5/18/2022
1186,5/18/2022
1187,5/18/2022
1188,5/18/2022
1189,5/18/2022
1190,5/18/2022
1191,5/18/2022
1192,5/18/2022
1193,5/18/2022
1194,5/18/2022
1195,5/18/2022
1196,5/18/2022
1197,5/18/2022
1198,5/18/2022
1199,5/18/2022
1200,5/18/2022
1201,5/18/2022
1202,5/18/2022
1203,5/18/2022
1204,5/18/2022
1205,5/18/2022
1206,5/18/2022
1207,5/18/2022
1208,5/18/2022
1209,5/18/2022
1210,5/18/2022
1211,5/18/2022
1212,5/18/2022
1213,5/18/2022
1214,5/18/2022
1215,5/18/2022
1216,5/18/2022
1217,5/18/2022
1218,5/18/2022
1219,5/18/2022
1220,5/18/2022
1221,5/18/2022
1222,5/18/2022
1223,5/18/2022
1224,5/18/2022
1225,5/18/2022
1226,5/18/2022
1227,5/18/2022
1228,5/18/2022
1229,5/18/2022
1230,5/18/2022
1231,5/18/2022
1232,5/18/2022
1233,5/18/2022
1234,5/18/2022
1235,5/18/2022
1236,5/18/2022
1237,5/18/2022
1238,5/18/2022
1239,5/18/2022
1240,5/18/2022
1241,5/18/2022
1242,5/18/2022
1243,5/18/2022
1244,5/18/2022
1245,5/18/2022
1246,5/18/2022
1247,5/18/2022
1248,5/18/2022
1249,5/18/2022
1250,5/18/2022
1251,5/18/2022
1252,5/18/2022
1253,5/18/2022
1254,5/18/2022
1255,5/18/2022
1256,5/18/2022
1257,5/18/2022
1258,5/18/2022
1259,5/18/2022
1260,5/18/2022
1261,5/18/2022
1262,5/18/2022
1263,5/18/2022
1264,5/18/2022
1265,5/18/2022
1266,5/18/2022
1267,5/18/2022
1268,5/18/2022
1269,5/18/2022
1270,5/18/2022
1271,5/18/2022
1272,5/18/2022
1273,5/18/2022
1274,5/18/2022
1275,5/18/2022
1276,5/18/2022
1277,5/18/2022
1278,5/18/2022
1279,5/18/2022
1280,5/18/2022
1281,5/18/2022
1282,5/18/2022
1283,5/18/2022
1284,5/18/2022
1285,5/18/2022
1286,5/18/2022
1287,5/18/2022
1288,5/18/2022
1289,5/18/2022
1290,5/18/2022
1291,5/18/2022
1292,5/18/2022
1293,5/18/2022
1294,5/18/2022
1295,5/18/2022
1296,5/18/2022
1297,5/18/2022
1298,5/18/2022
1299,5/18/2022
1300,5/18/2022
1301,5/18/2022
1302,5/18/2022
1303,5/18/2022
1304,5/18/2022
1305,5/18/2022
1306,5/18/2022
1307,5/18/2022
1308,5/18/2022
1309,5/18/2022
1310,5/18/2022
1311,5/18/2022
1312,5/18/2022
1313,5/18/2022
1314,5/18/2022
1315,5/18/2022
1316,5/18/2022
1317,5/18/2022
1318,5/18/2022
1319,5/18/2022
1320,5/18/2022
1321,5/18/2022
1322,5/18/2022
1323,5/18/2022
1324,5/18/2022
1325,5/18/2022
1326,5/18/2022
1327,5/18/2022
1328,5/18/2022
1329,5/18/2022
1330,5/18/2022
1331,5/18/2022
1332,5/18/2022
1333,5/18/2022
1334,5/18/2022
1335,5/18/2022
1336,5/18/2022
1337,5/18/2022
1338,5/18/2022
1339,5/18/2022
1340,5/18/2022
1341,5/18/2022
1342,5/18/2022
1343,5/18/2022
1344,5/18/2022
1345,5/18/2022
1346,5/18/2022
1347,5/18/2022
1348,5/18/2022
1349,5/18/2022
1350,5/18/2022
1351,5/18/2022
1352,5/18/2022
1353,5/18/2022
1354,5/18/2022
1355,5/18/2022
1356,5/18/2022
1357,5/18/2022
1358,5/18/2022
1359,5/18/2022
1360,5/18/2022
1361,5/18/2022
1362,5/18/2022
1363,5/18/2022
1364,5/18/2022
1365,5/18/2022
1366,5/18/2022
1367,5/18/2022
1368,5/18/2022
1369,5/18/2022
1370,5/18/2022
1371,5/18/2022
1372,5/18/2022
1373,5/18/2022
1374,5/18/2022
1375,5/18/2022
1376,5/18/2022
1377,5/18/2022
1378,5/18/2022
1379,5/18/2022
1380,5/18/2022
1381,5/18/2022
1382,5/18/2022
1383,5/18/2022
1384,5/18/2022
1385,5/18/2022
1386,5/18/2022
1387,5/18/2022
1388,5/18/2022
1389,5/18/2022
1390,5/18/2022
1391,5/18/2022
1392,5/18/2022
1393,5/18/2022
1394,5/18/2022
1395,5/18/2022
1396,5/18/2022
1397,5/18/2022
1398,5/18/2022
1399,5/18/2022
1400,5/18/2022
1401,5/18/2022
1402,5/18/2022
1403,5/18/2022
1404,5/18/2022
1405,5/18/2022
1406,5/18/2022
1407,5/18/2022
1408,5/18/2022
1409,5/18/2022
1410,5/18/2022
1411,5/18/2022
1412,5/18/2022
1413,5/18/2022
1414,5/18/2022
1415,5/18/2022
1416,5/18/2022
1417,5/18/2022
1418,5/18/2022
1419,5/18/2022
1420,5/18/2022
1421,5/18/2022
1422,5/18/2022
1423,5/18/2022
1424,5/18/2022
1425,5/18/2022
1426,5/18/2022
1427,5/18/2022
1428,5/18/2022
1429,5/18/2022
1430,5/18/2022
1431,5/18/2022
1432,5/18/2022
1433,5/18/2022
1434,5/18/2022
1435,5/18/2022
1436,5/18/2022
1437,5/18/2022
1438,5/18/2022
1439,5/18/2022
1440,5/18/2022
1441,5/18/2022
1442,5/18/2022
1443,5/18/2022
1444,5/18/2022
1445,5/18/2022
1446,5/18/2022
1447,5/18/2022
1448,5/18/2022
1449,5/18/2022
1450,5/18/2022
1451,5/18/2022
1452,5/18/2022
1453,5/18/2022
1454,5/18/2022
1455,5/18/2022
1456,5/18/2022
1457,5/18/2022
1458,5/18/2022
1459,5/18/2022
1460,5/18/2022
1461,5/18/2022
1462,5/18/2022
1463,5/18/2022
1464,5/18/2022
1465,5/18/2022
1466,5/18/2022
1467,5/18/2022
1468,5/18/2022
1469,5/18/2022
1470,5/18/2022
1471,5/18/2022
1472,5/18/2022
1473,5/18/2022
1474,5/18/2022
1475,5/18/2022
1476,5/18/2022
1477,5/18/2022
1478,5/18/2022
1479,5/18/2022
1480,5/18/2022
1481,5/18/2022
1482,5/18/2022
1483,5/18/2022
1484,5/18/2022
1485,5/18/2022
1486,5/18/2022
1487,5/18/2022
1488,5/18/2022
1489,5/18/2022
1490,5/18/2022
1491,5/18/2022
1492,5/18/2022
1493,5/18/2022
1494,5/18/2022
1495,5/18/2022
1496,5/18/2022
1497,5/18/2022
1498,5/18/2022
1499,5/18/2022
1500,5/18/2022
1501,5/18/2022
1502,5/18/2022
1503,5/18/2022
1504,5/18/2022
1505,5/18/2022
1506,5/18/2022
1507,5/18/2022
1508,5/18/2022
1509,5/18/2022
1510,5/18/2022
1511,5/18/2022
1512,5/18/2022
1513,5/18/2022
1514,5/18/2022
1515,5/18/2022
1516,5/18/2022
1517,5/18/2022
1518,5/18/2022
1519,5/18/2022
1520,5/18/2022
1521,5/18/2022
1522,5/18/2022
1523,5/18/2022
1524,5/18/2022
1525,5/18/2022
1526,5/18/2022
1527,5/18/2022
1528,5/18/2022
1529,5/18/2022
1530,5/18/2022
1531,5/18/2022
1532,5/18/2022
1533,5/18/2022
1534,5/18/2022
1535,5/18/2022
1536,5/18/2022
1537,5/18/2022
1538,5/18/2022
1539,5/18/2022
1540,5/18/2022
1541,5/18/2022
1542,5/18/2022
1543,5/18/2022
1544,5/18/2022
1545,5/18/2022
1546,5/18/2022
1547,5/18/2022
1548,5/18/2022
1549,5/18/2022
1550,5/18/2022
1551,5/18/2022
1552,5/18/2022
1553,5/18/2022
1554,5/18/2022
1555,5/18/2022
1556,5/18/2022
1557,5/18/2022
1558,5/18/2022
1559,5/18/2022
1560,5/18/2022
1561,5/18/2022
1562,5/18/2022
1563,5/18/2022
1564,5/18/2022
1565,5/18/2022
1566,5/18/2022
1567,5/18/2022
1568,5/18/2022
1569,5/18/2022
1570,5/18/2022
1571,5/18/2022
1572,5/18/2022
1573,5/18/2022
1574,5/18/2022
1575,5/18/2022
1576,5/18/2022
1577,5/18/2022
1578,5/18/2022
1579,5/18/2022
1580,5/18/2022
1581,5/18/2022
1582,5/18/2022
1583,5/18/2022
1584,5/18/2022
1585,5/18/2022
1586,5/18/2022
1587,5/18/2022
1588,5/18/2022
1589,5/18/2022
1590,5/18/2022
1591,5/18/2022
1592,5/18/2022
1593,5/18/2022
1594,5/18/2022
1595,5/18/2022
1596,5/18/2022
1597,5/18/2022
1598,5/18/2022
1599,5/18/2022
1600,5/18/2022
1601,5/18/2022
1602,5/18/2022
1603,5/18/2022
1604,5/18/2022
1605,5/18/2022
1606,5/18/2022
1607,5/18/2022
1608,5/18/2022
1609,5/18/2022
1610,5/18/2022
1611,5/18/2022
1612,5/18/2022
1613,5/18/2022
1614,5/18/2022
1615,5/18/2022
1616,5/18/2022
1617,5/18/2022
1618,5/18/2022
1619,5/18/2022
1620,5/18/2022
1621,5/18/2022
1622,5/18/2022
1623,5/18/2022
1624,5/18/2022
1625,5/18/2022
1626,5/18/2022
1627,5/18/2022
1628,5/18/2022
1629,5/18/2022
1630,5/18/2022
1631,5/18/2022
1632,5/18/2022
1633,5/18/2022
1634,5/18/2022
1635,5/18/2022
1636,5/18/2022
1637,5/18/2022
1638,5/18/2022
1639,5/18/2022
1640,5/18/2022
1641,5/18/2022
1642,5/18/2022
1643,5/18/2022
1644,5/18/2022
1645,5/18/2022
1646,5/18/2022
1647,5/18/2022
1648,5/18/2022
1649,5/18/2022
1650,5/18/2022
1651,5/18/2022
1652,5/18/2022
1653,5/18/2022
1654,5/18/2022
1655,5/18/2022
1656,5/18/2022
1657,5/18/2022
1658,5/18/2022
1659,5/18/2022
1660,5/18/2022
1661,5/18/2022
1662,5/18/2022
1663,5/18/2022
1664,5/18/2022
1665,5/18/2022
1666,5/18/2022
1667,5/18/2022
1668,5/18/2022
1669,5/18/2022
1670,5/18/2022
1671,5/18/2022
1672,5/18/2022
1673,5/18/2022
1674,5/18/2022
1675,5/18/2022
1676,5/18/2022
1677,5/18/2022
1678,5/18/2022
1679,5/18/2022
1680,5/18/2022
1681,5/18/2022
1682,5/18/2022
1683,5/18/2022
1684,5/18/2022
1685,5/18/2022
1686,5/18/2022
1687,5/18/2022
1688,5/18/2022
1689,5/18/2022
1690,5/18/2022
1691,5/18/2022
1692,5/18/2022
1693,5/18/2022
1694,5/18/2022
1695,5/18/2022
1696,5/18/2022
1697,5/18/2022
1698,5/18/2022
1699,5/18/2022
1700,5/18/2022
1701,5/18/2022
1702,5/18/2022
1703,5/18/2022
1704,5/18/2022
1705,5/18/2022
1706,5/18/2022
1707,5/18/2022
1708,5/18/2022
1709,5/18/2022
1710,5/18/2022
1711,5/18/2022
1712,5/18/2022
1713,5/18/2022
1714,5/18/2022
1715,5/18/2022
1716,5/18/2022
1717,5/18/2022
1718,5/18/2022
1719,5/18/2022
1720,5/18/2022
1721,5/18/2022
1722,5/18/2022
1723,5/18/2022
1724,5/18/2022
1725,5/18/2022
1726,5/18/2022
1727,5/18/2022
1728,5/18/2022
1729,5/18/2022
1730,5/18/2022
1731,5/18/2022
1732,5/18/2022
1733,5/18/2022
1734,5/18/2022
1735,5/18/2022
1736,5/18/2022
1737,5/18/2022
1738,5/18/2022
1739,5/18/2022
1740,5/18/2022
1741,5/18/2022
1742,5/18/2022
1743,5/18/2022
1744,5/18/2022
1745,5/18/2022
1746,5/18/2022
1747,5/18/2022
1748,5/18/2022
1749,5/18/2022
1750,5/18/2022
1751,5/18/2022
1752,5/18/2022
1753,5/18/2022
1754,5/18/2022
1755,5/18/2022
1756,5/18/2022
1757,5/18/2022
1758,5/18/2022
1759,5/18/2022
1760,5/18/2022
1761,5/18/2022
1762,5/18/2022
1763,5/18/2022
1764,5/18/2022
1765,5/18/2022
1766,5/18/2022
1767,5/18/2022
1768,5/18/2022
1769,5/18/2022
1770,5/18/2022
1771,5/18/2022
1772,5/18/2022
1773,5/18/2022
1774,5/18/2022
1775,5/18/2022
1776,5/18/2022
1777,5/18/2022
1778,5/18/2022
1779,5/18/2022
1780,5/18/2022
1781,5/18/2022
1782,5/18/2022
1783,5/18/2022
1784,5/18/2022
1785,5/18/2022
1786,5/18/2022
1787,5/18/2022
1788,5/18/2022
1789,5/18/2022
1790,5/18/2022
1791,5/18/2022
1792,5/18/2022
1793,5/18/2022
1794,5/18/2022
1795,5/18/2022
1796,5/18/2022
1797,5/18/2022
1798,5/18/2022
1799,5/18/2022
1800,5/18/2022
1801,5/18/2022
1802,5/18/2022
1803,5/18/2022
1804,5/18/2022
1805,5/18/2022
1806,5/18/2022
1807,5/18/2022
1808,5/18/2022
1809,5/18/2022
1810,5/18/2022
1811,5/18/2022
1812,5/18/2022
1813,5/18/2022
1814,5/18/2022
1815,5/18/2022
1816,5/18/2022
1817,5/18/2022
1818,5/18/2022
1819,5/18/2022
1820,5/18/2022
1821,5/18/2022
1822,5/18/2022
1823,5/18/2022
1824,5/18/2022
1825,5/18/2022
1826,5/18/2022
1827,5/18/2022
1828,5/18/2022
1829,5/18/2022
1830,5/18/2022
1831,5/18/2022
1832,5/18/2022
1833,5/18/2022
1834,5/18/2022
1835,5/18/2022
1836,5/18/2022
1837,5/18/2022
1838,5/18/2022
1839,5/18/2022
1840,5/18/2022
1841,5/18/2022
1842,5/18/2022
1843,5/18/2022
1844,5/18/2022
1845,5/18/2022
1846,5/18/2022
1847,5/18/2022
1848,5/18/2022
1849,5/18/2022
1850,5/18/2022
1851,5/18/2022
1852,5/18/2022
1853,5/18/2022
1854,5/18/2022
1855,5/18/2022
1856,5/18/2022
1857,5/18/2022
1858,5/18/2022
1859,5/18/2022
1860,5/18/2022
1861,5/18/2022
1862,5/18/2022
1863,5/18/2022
1864,5/18/2022
1865,5/18/2022
1866,5/18/2022
1867,5/18/2022
1868,5/18/2022
1869,5/18/2022
1870,5/18/2022
1871,5/18/2022
1872,5/18/2022
1873,5/18/2022
1874,5/18/2022
1875,5/18/2022
1876,5/18/2022
1877,5/18/2022
1878,5/18/2022
1879,5/18/2022
1880,5/18/2022
1881,5/18/2022
1882,5/18/2022
1883,5/18/2022
1884,5/18/2022
1885,5/18/2022
1886,5/18/2022
1887,5/18/2022
1888,5/18/2022
1889,5/18/2022
1890,5/18/2022
1891,5/18/2022
1892,5/18/2022
1893,5/18/2022
1894,5/18/2022
1895,5/18/2022
1896,5/18/2022
1897,5/18/2022
1898,5/18/2022
1899,5/18/2022
1900,5/18/2022
1901,5/18/2022
1902,5/18/2022
1903,5/18/2022
1904,5/18/2022
1905,5/18/2022
1906,5/18/2022
1907,5/18/2022
1908,5/18/2022
1909,5/18/2022
1910,5/18/2022
1911,5/18/2022
1912,5/18/2022
1913,5/18/2022
1914,5/18/2022
1915,5/18/2022
1916,5/18/2022
1917,5/18/2022
1918,5/18/2022
1919,5/18/2022
1920,5/18/2022
1921,5/18/2022
1922,5/18/2022
1923,5/18/2022
1924,5/18/2022
1925,5/18/2022
1926,5/18/2022
1927,5/18/2022
1928,5/18/2022
1929,5/18/2022
1930,5/18/2022
1931,5/18/2022
1932,5/18/2022
1933,5/18/2022
1934,5/18/2022
1935,5/18/2022
1936,5/18/2022
1937,5/18/2022
1938,5/18/2022
1939,5/18/2022
1940,5/18/2022
1941,5/18/2022
1942,5/18/2022
1943,5/18/2022
1944,5/18/2022
1945,5/18/2022
1946,5/18/2022
1947,5/18/2022
1948,5/18/2022
1949,5/18/2022
1950,5/18/2022
1951,5/18/2022
1952,5/18/2022
1953,5/18/2022
1954,5/18/2022
1955,5/18/2022
1956,5/18/2022
1957,5/18/2022
1958,5/18/2022
1959,5/18/2022
1960,5/18/2022
1961,5/18/2022
1962,5/18/2022
1963,5/18/2022
1964,5/18/2022
1965,5/18/2022
1966,5/18/2022
1967,5/18/2022
1968,5/18/2022
1969,5/18/2022
1970,5/18/2022
1971,5/18/2022
1972,5/18/2022
1973,5/18/2022
1974,5/18/2022
1975,5/18/2022
1976,5/18/2022
1977,5/18/2022
1978,5/18/2022
1979,5/18/2022
1980,5/18/2022
1981,5/18/2022
1982,5/18/2022
1983,5/18/2022
1984,5/18/2022
1985,5/18/2022
1986,5/18/2022
1987,5/18/2022
1988,5/18/2022
1989,5/18/2022
1990,5/18/2022
1991,5/18/2022
1992,5/18/2022
1993,5/18/2022
1994,5/18/2022
1995,5/18/2022
1996,5/18/2022
1997,5/18/2022
1998,5/18/2022
1999,5/18/2022
2000,5/18/2022
2001,5/18/2022
2002,5/18/2022
2003,5/18/2022
2004,5/18/2022
2005,5/18/2022
2006,5/18/2022
2007,5/18/2022
2008,5/18/2022
2009,5/18/2022
2010,5/18/2022
2011,5/18/2022
2012,5/18/2022
2013,5/18/2022
2014,5/18/2022
2015,5/18/2022
2016,5/18/2022
2017,5/18/2022
2018,5/18/2022
2019,5/18/2022
2020,5/18/2022
2021,5/18/2022
2022,5/18/2022
2023,5/18/2022
2024,5/18/2022
2025,5/18/2022
2026,5/18/2022
2027,5/18/2022
2028,5/18/2022
2029,5/18/2022
2030,5/18/2022
2031,5/18/2022
2032,5/18/2022
2033,5/18/2022
2034,5/18/2022
2035,5/18/2022
2036,5/18/2022
2037,5/18/2022
2038,5/18/2022
2039,5/18/2022
2040,5/18/2022
2041,5/18/2022
2042,5/18/2022
2043,5/18/2022
2044,5/18/2022
2045,5/18/2022
2046,5/18/2022
2047,5/18/2022
2048,5/18/2022
2049,5/18/2022
2050,5/18/2022
2051,5/18/2022
2052,5/18/2022
2053,5/18/2022
2054,5/18/2022
2055,5/18/2022
2056,5/18/2022
2057,5/18/2022
2058,5/18/2022
2059,5/18/2022
2060,5/18/2022
2061,5/18/2022
2062,5/18/2022
2063,5/18/2022
2064,5/18/2022
2065,5/18/2022
2066,5/18/2022
2067,5/18/2022
2068,5/18/2022
2069,5/18/2022
2070,5/18/2022
2071,5/18/2022
2072,5/18/2022
2073,5/18/2022
2074,5/18/2022
2075,5/18/2022
2076,5/18/2022
2077,5/18/2022
2078,5/18/2022
2079,5/18/2022
2080,5/18/2022
2081,5/18/2022
2082,5/18/2022
2083,5/18/2022
2084,5/18/2022
2085,5/18/2022
2086,5/18/2022
2087,5/18/2022
2088,5/18/2022
2089,5/18/2022
2090,5/18/2022
2091,5/18/2022
2092,5/18/2022
2093,5/18/2022
2094,5/18/2022
2095,5/18/2022
2096,5/18/2022
2097,5/18/2022
2098,5/18/2022
2099,5/18/2022
2100,5/18/2022
2101,5/18/2022
2102,5/18/2022
2103,5/18/2022
2104,5/18/2022
2105,5/18/2022
2106,5/18/2022
2107,5/18/2022
2108,5/18/2022
2109,5/18/2022
2110,5/18/2022
2111,5/18/2022
2112,5/18/2022
2113,5/18/2022
2114,5/18/2022
2115,5/18/2022
2116,5/18/2022
2117,5/18/2022
2118,5/18/2022
2119,5/18/2022
2120,5/18/2022
2121,5/18/2022
2122,5/18/2022
2123,5/18/2022
2124,5/18/2022
2125,5/18/2022
2126,5/18/2022
2127,5/18/2022
2128,5/18/2022
2129,5/18/2022
2130,5/18/2022
2131,5/18/2022
2132,5/18/2022
2133,5/18/2022
2134,5/18/2022
2135,5/18/2022
2136,5/18/2022
2137,5/18/2022
2138,5/18/2022
2139,5/18/2022
2140,5/18/2022
2141,5/18/2022
2142,5/18/2022
2143,5/18/2022
2144,5/18/2022
2145,5/18/2022
2146,5/18/2022
2147,5/18/2022
2148,5/18/2022
2149,5/18/2022
2150,5/18/2022
2151,5/18/2022
2152,5/18/2022
2153,5/18/2022
2154,5/18/2022
2155,5/18/2022
2156,5/18/2022
2157,5/18/2022
2158,5/18/2022
2159,5/18/2022
2160,5/18/2022
2161,5/18/2022
2162,5/18/2022
2163,5/18/2022
2164,5/18/2022
2165,5/18/2022
2166,5/18/2022
2167,5/18/2022
2168,5/18/2022
2169,5/18/2022
2170,5/18/2022
2171,5/18/2022
2172,5/18/2022
2173,5/18/2022
2174,5/18/2022
2175,5/18/2022
2176,5/18/2022
2177,5/18/2022
2178,5/18/2022
2179,5/18/2022
2180,5/18/2022
2181,5/18/2022
2182,5/18/2022
2183,5/18/2022
2184,5/18/2022
2185,5/18/2022
2186,5/18/2022
2187,5/18/2022
2188,5/18/2022
2189,5/18/2022
2190,5/18/2022
2191,5/18/2022
2192,5/18/2022
2193,5/18/2022
2194,5/18/2022
2195,5/18/2022
2196,5/18/2022
2197,5/18/2022
2198,5/18/2022
2199,5/18/2022
2200,5/18/2022
2201,5/18/2022
2202,5/18/2022
2203,5/18/2022
2204,5/18/2022
2205,5/18/2022
2206,5/18/2022
2207,5/18/2022
2208,5/18/2022
2209,5/18/2022
2210,5/18/2022
2211,5/18/2022
2212,5/18/2022
2213,5/18/2022
2214,5/18/2022
2215,5/18/2022
2216,5/18/2022
2217,5/18/2022
2218,5/18/2022
2219,5/18/2022
2220,5/18/2022
2221,5/18/2022
2222,5/18/2022
2223,5/18/2022
2224,5/18/2022
2225,5/18/2022
2226,5/18/2022
2227,5/18/2022
2228,5/18/2022
2229,5/18/2022
2230,5/18/2022
2231,5/18/2022
2232,5/18/2022
2233,5/18/2022
2234,5/18/2022
2235,5/18/2022
2236,5/18/2022
2237,5/18/2022
2238,5/18/2022
2239,5/18/2022
2240,5/18/2022
2241,5/18/2022
2242,5/18/2022
2243,5/18/2022
2244,5/18/2022
2245,5/18/2022
2246,5/18/2022
2247,5/18/2022
2248,5/18/2022
2249,5/18/2022
2250,5/18/2022
2251,5/18/2022
2252,5/18/2022
2253,5/18/2022
2254,5/18/2022
2255,5/18/2022
2256,5/18/2022
2257,5/18/2022
2258,5/18/2022
2259,5/18/2022
2260,5/18/2022
2261,5/18/2022
2262,5/18/2022
2263,5/18/2022
2264,5/18/2022
2265,5/18/2022
2266,5/18/2022
2267,5/18/2022
2268,5/18/2022
2269,5/18/2022
2270,5/18/2022
2271,5/18/2022
2272,5/18/2022
2273,5/18/2022
2274,5/18/2022
2275,5/18/2022
2276,5/18/2022
2277,5/18/2022
2278,5/18/2022
2279,5/18/2022
2280,5/18/2022
2281,5/18/2022
2282,5/18/2022
2283,5/18/2022
2284,5/18/2022
2285,5/18/2022
2286,5/18/2022
2287,5/18/2022
2288,5/18/2022
2289,5/18/2022
2290,5/18/2022
2291,5/18/2022
2292,5/18/2022
2293,5/18/2022
2294,5/18/2022
2295,5/18/2022
2296,5/18/2022
2297,5/18/2022
2298,5/18/2022
2299,5/18/2022
2300,5/18/2022
2301,5/18/2022
2302,5/18/2022
2303,5/18/2022
2304,5/18/2022
2305,5/18/2022
2306,5/18/2022
2307,5/18/2022
2308,5/18/2022
2309,5/18/2022
2310,5/18/2022
2311,5/18/2022
2312,5/18/2022
2313,5/18/2022
2314,5/18/2022
2315,5/18/2022
2316,5/18/2022
2317,5/18/2022
2318,5/18/2022
2319,5/18/2022
2320,5/18/2022
2321,5/18/2022
2322,5/18/2022
2323,5/18/2022
2324,5/18/2022
2325,5/18/2022
2326,5/18/2022
2327,5/18/2022
2328,5/18/2022
2329,5/18/2022
2330,5/18/2022
2331,5/18/2022
2332,5/18/2022
2333,5/18/2022
2334,5/18/2022
2335,5/18/2022
2336,5/18/2022
2337,5/18/2022
2338,5/18/2022
2339,5/18/2022
2340,5/18/2022
2341,5/18/2022
2342,5/18/2022
2343,5/18/2022
2344,5/18/2022
2345,5/18/2022
2346,5/18/2022
2347,5/18/2022
2348,5/18/2022
2349,5/18/2022
2350,5/18/2022
2351,5/18/2022
2352,5/18/2022
2353,5/18/2022
2354,5/18/2022
2355,5/18/2022
2356,5/18/2022
2357,5/18/2022
2358,5/18/2022
2359,5/18/2022
2360,5/18/2022
2361,5/18/2022
2362,5/18/2022
2363,5/18/2022
2364,5/18/2022
2365,5/18/2022
2366,5/18/2022
2367,5/18/2022
2368,5/18/2022
2369,5/18/2022
2370,5/18/2022
2371,5/18/2022
2372,5/18/2022
2373,5/18/2022
2374,5/18/2022
2375,5/18/2022
2376,5/18/2022
2377,5/18/2022
2378,5/18/2022
2379,5/18/2022
2380,5/18/2022
2381,5/18/2022
2382,5/18/2022
2383,5/18/2022
2384,5/18/2022
2385,5/18/2022
2386,5/18/2022
2387,5/18/2022
2388,5/18/2022
2389,5/18/2022
2390,5/18/2022
2391,5/18/2022
2392,5/18/2022
2393,5/18/2022
2394,5/18/2022
2395,5/18/2022
2396,5/18/2022
2397,5/18/2022
2398,5/18/2022
2399,5/18/2022
2400,5/18/2022
2401,5/18/2022
2402,5/18/2022
2403,5/18/2022
2404,5/18/2022
2405,5/18/2022
2406,5/18/2022
2407,5/18/2022
2408,5/18/2022
2409,5/18/2022
2410,5/18/2022
2411,5/18/2022
2412,5/18/2022
2413,5/18/2022
2414,5/18/2022
2415,5/18/2022
2416,5/18/2022
2417,5/18/2022
2418,5/18/2022
2419,5/18/2022
2420,5/18/2022
2421,5/18/2022
2422,5/18/2022
2423,5/18/2022
2424,5/18/2022
2425,5/18/2022
2426,5/18/2022
2427,5/18/2022
2428,5/18/2022
2429,5/18/2022
2430,5/18/2022
2431,5/18/2022
2432,5/18/2022
2433,5/18/2022
2434,5/18/2022
2435,5/18/2022
2436,5/18/2022
2437,5/18/2022
2438,5/18/2022
2439,5/18/2022
2440,5/18/2022
2441,5/18/2022
2442,5/18/2022
2443,5/18/2022
2444,5/18/2022
2445,5/18/2022
2446,5/18/2022
2447,5/18/2022
2448,5/18/2022
2449,5/18/2022
2450,5/18/2022
2451,5/18/2022
2452,5/18/2022
2453,5/18/2022
2454,5/18/2022
2455,5/18/2022
2456,5/18/2022
2457,5/18/2022
2458,5/18/2022
2459,5/18/2022
2460,5/18/2022
2461,5/18/2022
2462,5/18/2022
2463,5/18/2022
2464,5/18/2022
2465,5/18/2022
2466,5/18/2022
2467,5/18/2022
2468,5/18/2022
2469,5/18/2022
2470,5/18/2022
2471,5/18/2022
2472,5/18/2022
2473,5/18/2022
2474,5/18/2022
2475,5/18/2022
2476,5/18/2022
2477,5/18/2022
2478,5/18/2022
2479,5/18/2022
2480,5/18/2022
2481,5/18/2022
2482,5/18/2022
2483,5/18/2022
2484,5/18/2022
2485,5/18/2022
2486,5/18/2022
2487,5/18/2022
2488,5/18/2022
2489,5/18/2022
2490,5/18/2022
2491,5/18/2022
2492,5/18/2022
2493,5/18/2022
2494,5/18/2022
2495,5/18/2022
2496,5/18/2022
2497,5/18/2022
2498,5/18/2022
2499,5/18/2022
2500,5/18/2022
2501,5/18/2022
2502,5/18/2022
2503,5/18/2022
2504,5/18/2022
2505,5/18/2022
2506,5/18/2022
2507,5/18/2022
2508,5/18/2022
2509,5/18/2022
2510,5/18/2022
2511,5/18/2022
2512,5/18/2022
2513,5/18/2022
2514,5/18/2022
2515,5/18/2022
2516,5/18/2022
2517,5/18/2022
2518,5/18/2022
2519,5/18/2022
2520,5/18/2022
2521,5/18/2022
2522,5/18/2022
2523,5/18/2022
2524,5/18/2022
2525,5/18/2022
2526,5/18/2022
2527,5/18/2022
2528,5/18/2022
2529,5/18/2022
2530,5/18/2022
2531,5/18/2022
2532,5/18/2022
2533,5/18/2022
2534,5/18/2022
2535,5/18/2022
2536,5/18/2022
2537,5/18/2022
2538,5/18/2022
2539,5/18/2022
2540,5/18/2022
2541,5/18/2022
2542,5/18/2022
2543,5/18/2022
2544,5/18/2022
2545,5/18/2022
2546,5/18/2022
2547,5/18/2022
2548,5/18/2022
2549,5/18/2022
2550,5/18/2022
2551,5/18/2022
2552,5/18/2022
2553,5/18/2022
2554,5/18/2022
2555,5/18/2022
2556,5/18/2022
2557,5/18/2022
2558,5/18/2022
2559,5/18/2022
2560,5/18/2022
2561,5/18/2022
2562,5/18/2022
2563,5/18/2022
2564,5/18/2022
2565,5/18/2022
2566,5/18/2022
2567,5/18/2022
2568,5/18/2022
2569,5/18/2022
2570,5/18/2022
2571,5/18/2022
2572,5/18/2022
2573,5/18/2022
2574,5/18/2022
2575,5/18/2022
2576,5/18/2022
2577,5/18/2022
2578,5/18/2022
2579,5/18/2022
2580,5/18/2022
2581,5/18/2022
2582,5/18/2022
2583,5/18/2022
2584,5/18/2022
2585,5/18/2022
2586,5/18/2022
2587,5/18/2022
2588,5/18/2022
2589,5/18/2022
2590,5/18/2022
2591,5/18/2022
2592,5/18/2022
2593,5/18/2022
2594,5/18/2022
2595,5/18/2022
2596,5/18/2022
2597,5/18/2022
2598,5/18/2022
2599,5/18/2022
2600,5/18/2022
2601,5/18/2022
2602,5/18/2022
2603,5/18/2022
2604,5/18/2022
2605,5/18/2022
2606,5/18/2022
2607,5/18/2022
2608,5/18/2022
2609,5/18/2022
2610,5/18/2022
2611,5/18/2022
2612,5/18/2022
2613,5/18/2022
2614,5/18/2022
2615,5/18/2022
2616,5/18/2022
2617,5/18/2022
2618,5/18/2022
2619,5/18/2022
2620,5/18/2022
2621,5/18/2022
2622,5/18/2022
2623,5/18/2022
2624,5/18/2022
2625,5/18/2022
2626,5/18/2022
2627,5/18/2022
2628,5/18/2022
2629,5/18/2022
2630,5/18/2022
2631,5/18/2022
2632,5/18/2022
2633,5/18/2022
2634,5/18/2022
2635,5/18/2022
2636,5/18/2022
2637,5/18/2022
2638,5/18/2022
2639,5/18/2022
2640,5/18/2022
2641,5/18/2022
2642,5/18/2022
2643,5/18/2022
2644,5/18/2022
2645,5/18/2022
2646,5/18/2022
2647,5/18/2022
2648,5/18/2022
2649,5/18/2022
2650,5/18/2022
2651,5/18/2022
2652,5/18/2022
2653,5/18/2022
2654,5/18/2022
2655,5/18/2022
2656,5/18/2022
2657,5/18/2022
2658,5/18/2022
2659,5/18/2022
2660,5/18/2022
2661,5/18/2022
2662,5/18/2022
2663,5/18/2022
2664,5/18/2022
2665,5/18/2022
2666,5/18/2022
2667,5/18/2022
2668,5/18/2022
2669,5/18/2022
2670,5/18/2022
2671,5/18/2022
2672,5/18/2022
2673,5/18/2022
2674,5/18/2022
2675,5/18/2022
2676,5/18/2022
2677,5/18/2022
2678,5/18/2022
2679,5/18/2022
2680,5/18/2022
2681,5/18/2022
2682,5/18/2022
2683,5/18/2022
2684,5/18/2022
2685,5/18/2022
2686,5/18/2022
2687,5/18/2022
2688,5/18/2022
2689,5/18/2022
2690,5/18/2022
2691,5/18/2022
2692,5/18/2022
2693,5/18/2022
2694,5/18/2022
2695,5/18/2022
2696,5/18/2022
2697,5/18/2022
2698,5/18/2022
2699,5/18/2022
2700,5/18/2022
2701,5/18/2022
2702,5/18/2022
2703,5/18/2022
2704,5/18/2022
2705,5/18/2022
2706,5/18/2022
2707,5/18/2022
2708,5/18/2022
2709,5/18/2022
2710,5/18/2022
2711,5/18/2022
2712,5/18/2022
2713,5/18/2022
2714,5/18/2022
2715,5/18/2022
2716,5/18/2022
2717,5/18/2022
2718,5/18/2022
2719,5/18/2022
2720,5/18/2022
2721,5/18/2022
2722,5/18/2022
2723,5/18/2022
2724,5/18/2022
2725,5/18/2022
2726,5/18/2022
2727,5/18/2022
2728,5/18/2022
2729,5/18/2022
2730,5/18/2022
2731,5/18/2022
2732,5/18/2022
2733,5/18/2022
2734,5/18/2022
2735,5/18/2022
2736,5/18/2022
2737,5/18/2022
2738,5/18/2022
2739,5/18/2022
2740,5/18/2022
2741,5/18/2022
2742,5/18/2022
2743,5/18/2022
2744,5/18/2022
2745,5/18/2022
2746,5/18/2022
2747,5/18/2022
2748,5/18/2022
2749,5/18/2022
2750,5/18/2022
2751,5/18/2022
2752,5/18/2022
2753,5/18/2022
2754,5/18/2022
2755,5/18/2022
2756,5/18/2022
2757,5/18/2022
2758,5/18/2022
2759,5/18/2022
2760,5/18/2022
2761,5/18/2022
2762,5/18/2022
2763,5/18/2022
2764,5/18/2022
2765,5/18/2022
2766,5/18/2022
2767,5/18/2022
2768,5/18/2022
2769,5/18/2022
2770,5/18/2022
2771,5/18/2022
2772,5/18/2022
2773,5/18/2022
2774,5/18/2022
2775,5/18/2022
2776,5/18/2022
2777,5/18/2022
2778,5/18/2022
2779,5/18/2022
2780,5/18/2022
2781,5/18/2022
2782,5/18/2022
2783,5/18/2022
2784,5/18/2022
2785,5/18/2022
2786,5/18/2022
2787,5/18/2022
2788,5/18/2022
2789,5/18/2022
2790,5/18/2022
2791,5/18/2022
2792,5/18/2022
2793,5/18/2022
2794,5/18/2022
2795,5/18/2022
2796,5/18/2022
2797,5/18/2022
2798,5/18/2022
2799,5/18/2022
2800,5/18/2022
2801,5/18/2022
2802,5/18/2022
2803,5/18/2022
2804,5/18/2022
2805,5/18/2022
2806,5/18/2022
2807,5/18/2022
2808,5/18/2022
2809,5/18/2022
2810,5/18/2022
2811,5/18/2022
2812,5/18/2022
2813,5/18/2022
2814,5/18/2022
2815,5/18/2022
2816,5/18/2022
2817,5/18/2022
2818,5/18/2022
2819,5/18/2022
2820,5/18/2022
2821,5/18/2022
2822,5/18/2022
2823,5/18/2022
2824,5/18/2022
2825,5/18/2022
2826,5/18/2022
2827,5/18/2022
2828,5/18/2022
2829,5/18/2022
2830,5/18/2022
2831,5/18/2022
2832,5/18/2022
2833,5/18/2022
2834,5/18/2022
2835,5/18/2022
2836,5/18/2022
2837,5/18/2022
2838,5/18/2022
2839,5/18/2022
2840,5/18/2022
2841,5/18/2022
2842,5/18/2022
2843,5/18/2022
2844,5/18/2022
2845,5/18/2022
2846,5/18/2022
2847,5/18/2022
2848,5/18/2022
2849,5/18/2022
2850,5/18/2022
2851,5/18/2022
2852,5/18/2022
2853,5/18/2022
2854,5/18/2022
2855,5/18/2022
2856,5/18/2022
2857,5/18/2022
2858,5/18/2022
2859,5/18/2022
2860,5/18/2022
2861,5/18/2022
2862,5/18/2022
2863,5/18/2022
2864,5/18/2022
2865,5/18/2022
2866,5/18/2022
2867,5/18/2022
2868,5/18/2022
2869,5/18/2022
2870,5/18/2022
2871,5/18/2022
2872,5/18/2022
2873,5/18/2022
2874,5/18/2022
2875,5/18/2022
2876,5/18/2022
2877,5/18/2022
2878,5/18/2022
2879,5/18/2022
2880,5/18/2022
2881,5/18/2022
2882,5/18/2022
2883,5/18/2022
2884,5/18/2022
2885,5/18/2022
2886,5/18/2022
2887,5/18/2022
2888,5/18/2022
2889,5/18/2022
2890,5/18/2022
2891,5/18/2022
2892,5/18/2022
2893,5/18/2022
2894,5/18/2022
2895,5/18/2022
2896,5/18/2022
2897,5/18/2022
2898,5/18/2022
2899,5/18/2022
2900,5/18/2022
2901,5/18/2022
2902,5/18/2022
2903,5/18/2022
2904,5/18/2022
2905,5/18/2022
2906,5/18/2022
2907,5/18/2022
2908,5/18/2022
2909,5/18/2022
2910,5/18/2022
2911,5/18/2022
2912,5/18/2022
2913,5/18/2022
2914,5/18/2022
2915,5/18/2022
2916,5/18/2022
2917,5/18/2022
2918,5/18/2022
2919,5/18/2022
2920,5/18/2022
2921,5/18/2022
2922,5/18/2022
2923,5/18/2022
2924,5/18/2022
2925,5/18/2022
2926,5/18/2022
2927,5/18/2022
2928,5/18/2022
2929,5/18/2022
2930,5/18/2022
2931,5/18/2022
2932,5/18/2022
2933,5/18/2022
2934,5/18/2022
2935,5/18/2022
2936,5/18/2022
2937,5/18/2022
2938,5/18/2022
2939,5/18/2022
2940,5/18/2022
2941,5/18/2022
2942,5/18/2022
2943,5/18/2022
2944,5/18/2022
2945,5/18/2022
2946,5/18/2022
2947,5/18/2022
2948,5/18/2022
2949,5/18/2022
2950,5/18/2022
2951,5/18/2022
2952,5/18/2022
2953,5/18/2022
2954,5/18/2022
2955,5/18/2022
2956,5/18/2022
2957,5/18/2022
2958,5/18/2022
2959,5/18/2022
2960,5/18/2022
2961,5/18/2022
2962,5/18/2022
2963,5/18/2022
2964,5/18/2022
2965,5/18/2022
2966,5/18/2022
2967,5/18/2022
2968,5/18/2022
2969,5/18/2022
2970,5/18/2022
2971,5/18/2022
2972,5/18/2022
2973,5/18/2022
2974,5/18/2022
2975,5/18/2022
2976,5/18/2022
2977,5/18/2022
2978,5/18/2022
2979,5/18/2022
2980,5/18/2022
2981,5/18/2022
2982,5/18/2022
2983,5/18/2022
2984,5/18/2022
2985,5/18/2022
2986,5/18/2022
2987,5/18/2022
2988,5/18/2022
2989,5/18/2022
2990,5/18/2022
2991,5/18/2022
2992,5/18/2022
2993,5/18/2022
2994,5/18/2022
2995,5/18/2022
2996,5/18/2022
2997,5/18/2022
2998,5/18/2022
2999,5/18/2022
3000,5/18/2022
3001,5/18/2022
3002,5/18/2022
3003,5/18/2022
3004,5/18/2022
3005,5/18/2022
3006,5/18/2022
3007,5/18/2022
3008,5/18/2022
3009,5/18/2022
3010,5/18/2022
3011,5/18/2022
3012,5/18/2022
3013,5/18/2022
3014,5/18/2022
3015,5/18/2022
3016,5/18/2022
3017,5/18/2022
3018,5/18/2022
3019,5/18/2022
3020,5/18/2022
3021,5/18/2022
3022,5/18/2022
3023,5/18/2022
3024,5/18/2022
3025,5/18/2022
3026,5/18/2022
3027,5/18/2022
3028,5/18/2022
3029,5/18/2022
3030,5/18/2022
3031,5/18/2022
3032,5/18/2022
3033,5/18/2022
3034,5/18/2022
3035,5/18/2022
3036,5/18/2022
3037,5/18/2022
3038,5/18/2022
3039,5/18/2022
3040,5/18/2022
3041,5/18/2022
3042,5/18/2022
3043,5/18/2022
3044,5/18/2022
3045,5/18/2022
3046,5/18/2022
3047,5/18/2022
3048,5/18/2022
3049,5/18/2022
3050,5/18/2022
3051,5/18/2022
3052,5/18/2022
3053,5/18/2022
3054,5/18/2022
3055,5/18/2022
3056,5/18/2022
3057,5/18/2022
3058,5/18/2022
3059,5/18/2022
3060,5/18/2022
3061,5/18/2022
3062,5/18/2022
3063,5/18/2022
3064,5/18/2022
3065,5/18/2022
3066,5/18/2022
3067,5/18/2022
3068,5/18/2022
3069,5/18/2022
3070,5/18/2022
3071,5/18/2022
3072,5/18/2022
3073,5/18/2022
3074,5/18/2022
3075,5/18/2022
3076,5/18/2022
3077,5/18/2022
3078,5/18/2022
3079,5/18/2022
3080,5/18/2022
3081,5/18/2022
3082,5/18/2022
3083,5/18/2022
3084,5/18/2022
3085,5/18/2022
3086,5/18/2022
3087,5/18/2022
3088,5/18/2022
3089,5/18/2022
3090,5/18/2022
3091,5/18/2022
3092,5/18/2022
3093,5/18/2022
3094,5/18/2022
3095,5/18/2022
3096,5/18/2022
3097,5/18/2022
3098,5/18/2022
3099,5/18/2022
3100,5/18/2022
3101,5/18/2022
3102,5/18/2022
3103,5/18/2022
3104,5/18/2022
3105,5/18/2022
3106,5/18/2022
3107,5/18/2022
3108,5/18/2022
3109,5/18/2022
3110,5/18/2022
3111,5/18/2022
3112,5/18/2022
3113,5/18/2022
3114,5/18/2022
3115,5/18/2022
3116,5/18/2022
3117,5/18/2022
3118,5/18/2022
3119,5/18/2022
3120,5/18/2022
3121,5/18/2022
3122,5/18/2022
3123,5/18/2022
3124,5/18/2022
3125,5/18/2022
3126,5/18/2022
3127,5/18/2022
3128,5/18/2022
3129,5/18/2022
3130,5/18/2022
3131,5/18/2022
3132,5/18/2022
3133,5/18/2022
3134,5/18/2022
3135,5/18/2022
3136,5/18/2022
3137,5/18/2022
3138,5/18/2022
3139,5/18/2022
3140,5/18/2022
3141,5/18/2022
3142,5/18/2022
3143,5/18/2022
3144,5/18/2022
3145,5/18/2022
3146,5/18/2022
3147,5/18/2022
3148,5/18/2022
3149,5/18/2022
3150,5/18/2022
3151,5/18/2022
3152,5/18/2022
3153,5/18/2022
3154,5/18/2022
3155,5/18/2022
3156,5/18/2022
3157,5/18/2022
3158,5/18/2022
3159,5/18/2022
3160,5/18/2022
3161,5/18/2022
3162,5/18/2022
3163,5/18/2022
3164,5/18/2022
3165,5/18/2022
3166,5/18/2022
3167,5/18/2022
3168,5/18/2022
3169,5/18/2022
3170,5/18/2022
3171,5/18/2022
3172,5/18/2022
3173,5/18/2022
3174,5/18/2022
3175,5/18/2022
3176,5/18/2022
3177,5/18/2022
3178,5/18/2022
3179,5/18/2022
3180,5/18/2022
3181,5/18/2022
3182,5/18/2022
3183,5/18/2022
3184,5/18/2022
3185,5/18/2022
3186,5/18/2022
3187,5/18/2022
3188,5/18/2022
3189,5/18/2022
3190,5/18/2022
3191,5/18/2022
3192,5/18/2022
3193,5/18/2022
3194,5/18/2022
3195,5/18/2022
3196,5/18/2022
3197,5/18/2022
3198,5/18/2022
3199,5/18/2022
3200,5/18/2022
3201,5/18/2022
3202,5/18/2022
3203,5/18/2022
3204,5/18/2022
3205,5/18/2022
3206,5/18/2022
3207,5/18/2022
3208,5/18/2022
3209,5/18/2022
3210,5/18/2022
3211,5/18/2022
3212,5/18/2022
3213,5/18/2022
3214,5/18/2022
3215,5/18/2022
3216,5/18/2022
3217,5/18/2022
3218,5/18/2022
3219,5/18/2022
3220,5/18/2022
3221,5/18/2022
3222,5/18/2022
3223,5/18/2022
3224,5/18/2022
3225,5/18/2022
3226,5/18/2022
3227,5/18/2022
3228,5/18/2022
3229,5/18/2022
3230,5/18/2022
3231,5/18/2022
3232,5/18/2022
3233,5/18/2022
3234,5/18/2022
3235,5/18/2022
3236,5/18/2022
3237,5/18/2022
3238,5/18/2022
3239,5/18/2022
3240,5/18/2022
3241,5/18/2022
3242,5/18/2022
3243,5/18/2022
3244,5/18/2022
3245,5/18/2022
3246,5/18/2022
3247,5/18/2022
3248,5/18/2022
3249,5/18/2022
3250,5/18/2022
3251,5/18/2022
3252,5/18/2022
3253,5/18/2022
3254,5/18/2022
3255,5/18/2022
3256,5/18/2022
3257,5/18/2022
3258,5/18/2022
3259,5/18/2022
3260,5/18/2022
3261,5/18/2022
3262,5/18/2022
3263,5/18/2022
3264,5/18/2022
3265,5/18/2022
3266,5/18/2022
3267,5/18/2022
3268,5/18/2022
3269,5/18/2022
3270,5/18/2022
3271,5/18/2022
3272,5/18/2022
3273,5/18/2022
3274,5/18/2022
3275,5/18/2022
3276,5/18/2022
3277,5/18/2022
3278,5/18/2022
3279,5/18/2022
3280,5/18/2022
3281,5/18/2022
3282,5/18/2022
3283,5/18/2022
3284,5/18/2022
3285,5/18/2022
3286,5/18/2022
3287,5/18/2022
3288,5/18/2022
3289,5/18/2022
3290,5/18/2022
3291,5/18/2022
3292,5/18/2022
3293,5/18/2022
3294,5/18/2022
3295,5/18/2022
3296,5/18/2022
3297,5/18/2022
3298,5/18/2022
3299,5/18/2022
3300,5/18/2022
3301,5/18/2022
3302,5/18/2022
3303,5/18/2022
3304,5/18/2022
3305,5/18/2022
3306,5/18/2022
3307,5/18/2022
3308,5/18/2022
3309,5/18/2022
3310,5/18/2022
3311,5/18/2022
3312,5/18/2022
3313,5/18/2022
3314,5/18/2022
3315,5/18/2022
3316,5/18/2022
3317,5/18/2022
3318,5/18/2022
3319,5/18/2022
3320,5/18/2022
3321,5/18/2022
3322,5/18/2022
3323,5/18/2022
3324,5/18/2022
3325,5/18/2022
3326,5/18/2022
3327,5/18/2022
3328,5/18/2022
3329,5/18/2022
3330,5/18/2022
3331,5/18/2022
3332,5/18/2022
3333,5/18/2022
3334,5/18/2022
3335,5/18/2022
3336,5/18/2022
3337,5/18/2022
3338,5/18/2022
3339,5/18/2022
3340,5/18/2022
3341,5/18/2022
3342,5/18/2022
3343,5/18/2022
3344,5/18/2022
3345,5/18/2022
3346,5/18/2022
3347,5/18/2022
3348,5/18/2022
3349,5/18/2022
3350,5/18/2022
3351,5/18/2022
3352,5/18/2022
3353,5/18/2022
3354,5/18/2022
3355,5/18/2022
3356,5/18/2022
3357,5/18/2022
3358,5/18/2022
3359,5/18/2022
3360,5/18/2022
3361,5/18/2022
3362,5/18/2022
3363,5/18/2022
3364,5/18/2022
3365,5/18/2022
3366,5/18/2022
3367,5/18/2022
3368,5/18/2022
3369,5/18/2022
3370,5/18/2022
3371,5/18/2022
3372,5/18/2022
3373,5/18/2022
3374,5/18/2022
3375,5/18/2022
3376,5/18/2022
3377,5/18/2022
3378,5/18/2022
3379,5/18/2022
3380,5/18/2022
3381,5/18/2022
3382,5/18/2022
3383,5/18/2022
3384,5/18/2022
3385,5/18/2022
3386,5/18/2022
3387,5/18/2022
3388,5/18/2022
3389,5/18/2022
3390,5/18/2022
3391,5/18/2022
3392,5/18/2022
3393,5/18/2022
3394,5/18/2022
3395,5/18/2022
3396,5/18/2022
3397,5/18/2022
3398,5/18/2022
3399,5/18/2022
3400,5/18/2022
3401,5/18/2022
3402,5/18/2022
3403,5/18/2022
3404,5/18/2022
3405,5/18/2022
3406,5/18/2022
3407,5/18/2022
3408,5/18/2022
3409,5/18/2022
3410,5/18/2022
3411,5/18/2022
3412,5/18/2022
3413,5/18/2022
3414,5/18/2022
3415,5/18/2022
3416,5/18/2022
3417,5/18/2022
3418,5/18/2022
3419,5/18/2022
3420,5/18/2022
3421,5/18/2022
3422,5/18/2022
3423,5/18/2022
3424,5/18/2022
3425,5/18/2022
3426,5/18/2022
3427,5/18/2022
3428,5/18/2022
3429,5/18/2022
3430,5/18/2022
3431,5/18/2022
3432,5/18/2022
3433,5/18/2022
3434,5/18/2022
3435,5/18/2022
3436,5/18/2022
3437,5/18/2022
3438,5/18/2022
3439,5/18/2022
3440,5/18/2022
3441,5/18/2022
3442,5/18/2022
3443,5/18/2022
3444,5/18/2022
3445,5/18/2022
3446,5/18/2022
3447,5/18/2022
3448,5/18/2022
3449,5/18/2022
3450,5/18/2022
3451,5/18/2022
3452,5/18/2022
3453,5/18/2022
3454,5/18/2022
3455,5/18/2022
3456,5/18/2022
3457,5/18/2022
3458,5/18/2022
3459,5/18/2022
3460,5/18/2022
3461,5/18/2022
3462,5/18/2022
3463,5/18/2022
3464,5/18/2022
3465,5/18/2022
3466,5/18/2022
3467,5/18/2022
3468,5/18/2022
3469,5/18/2022
3470,5/18/2022
3471,5/18/2022
3472,5/18/2022
3473,5/18/2022
3474,5/18/2022
3475,5/18/2022
3476,5/18/2022
3477,5/18/2022
3478,5/18/2022
3479,5/18/2022
3480,5/18/2022
3481,5/18/2022
3482,5/18/2022
3483,5/18/2022
3484,5/18/2022
3485,5/18/2022
3486,5/18/2022
3487,5/18/2022
3488,5/18/2022
3489,5/18/2022
3490,5/18/2022
3491,5/18/2022
3492,5/18/2022
3493,5/18/2022
3494,5/18/2022
3495,5/18/2022
3496,5/18/2022
3497,5/18/2022
3498,5/18/2022
3499,5/18/2022
3500,5/18/2022
3501,5/18/2022
3502,5/18/2022
3503,5/18/2022
3504,5/18/2022
3505,5/18/2022
3506,5/18/2022
3507,5/18/2022
3508,5/18/2022
3509,5/18/2022
3510,5/18/2022
3511,5/18/2022
3512,5/18/2022
3513,5/18/2022
3514,5/18/2022
3515,5/18/2022
3516,5/18/2022
3517,5/18/2022
3518,5/18/2022
3519,5/18/2022
3520,5/18/2022
3521,5/18/2022
3522,5/18/2022
3523,5/18/2022
3524,5/18/2022
3525,5/18/2022
3526,5/18/2022
3527,5/18/2022
3528,5/18/2022
3529,5/18/2022
3530,5/18/2022
3531,5/18/2022
3532,5/18/2022
3533,5/18/2022
3534,5/18/2022
3535,5/18/2022
3536,5/18/2022
3537,5/18/2022
3538,5/18/2022
3539,5/18/2022
3540,5/18/2022
3541,5/18/2022
3542,5/18/2022
3543,5/18/2022
3544,5/18/2022
3545,5/18/2022
3546,5/18/2022
3547,5/18/2022
3548,5/18/2022
3549,5/18/2022
3550,5/18/2022
3551,5/18/2022
3552,5/18/2022
3553,5/18/2022
3554,5/18/2022
3555,5/18/2022
3556,5/18/2022
3557,5/18/2022
3558,5/18/2022
3559,5/18/2022
3560,5/18/2022
3561,5/18/2022
3562,5/18/2022
3563,5/18/2022
3564,5/18/2022
3565,5/18/2022
3566,5/18/2022
3567,5/18/2022
3568,5/18/2022
3569,5/18/2022
3570,5/18/2022
3571,5/18/2022
3572,5/18/2022
3573,5/18/2022
3574,5/18/2022
3575,5/18/2022
3576,5/18/2022
3577,5/18/2022
3578,5/18/2022
3579,5/18/2022
3580,5/18/2022
3581,5/18/2022
3582,5/18/2022
3583,5/18/2022
3584,5/18/2022
3585,5/18/2022
3586,5/18/2022
3587,5/18/2022
3588,5/18/2022
3589,5/18/2022
3590,5/18/2022
3591,5/18/2022
3592,5/18/2022
3593,5/18/2022
3594,5/18/2022
3595,5/18/2022
3596,5/18/2022
3597,5/18/2022
3598,5/18/2022
3599,5/18/2022
3600,5/18/2022
